250789783394 2014 09 09 20:05 
250785815092 2014 09 09 20:05 
250789783394 2014 09 09 20:05 
250784809593 2014 09 09 20:05 
250785520190 2014 09 09 20:05 
250786233986 2014 09 09 20:05 
250785520190 2014 09 09 20:06 
250784809593 2014 09 09 20:06 
250789535334 2014 09 09 20:08 
250782331813 2014 09 09 20:08 
250789783394 2014 09 09 20:08 
250782407201 2014 09 09 20:08 
250782331813 2014 09 09 20:09 
250786399916 2014 09 09 20:09 
250789459317 2014 09 09 20:09 
250789535334 2014 09 09 20:09 
250781049609 2014 09 09 20:10 
250789783394 2014 09 09 20:10 
250781049609 2014 09 09 20:10 
250781058614 2014 09 09 20:11 
250789783394 2014 09 09 20:11 
250789783394 2014 09 09 20:11 
250789364628 2014 09 09 20:11 
250788628000 2014 09 09 20:11 
250783505892 2014 09 09 20:12 
250788628000 2014 09 09 20:12 
250781049609 2014 09 09 20:13 
250783435750 2014 09 09 20:13 
250781114851 2014 09 09 20:15 
250783117239 2014 09 09 20:16 
250781073788 2014 09 09 20:16 
250788628000 2014 09 09 20:16 
250781114851 2014 09 09 20:17 
250789368677 2014 09 09 20:17 
250789835795 2014 09 09 20:17 
